0 0.762695 0.688477 0.056641 0.033203
0 0.590820 0.331055 0.072266 0.033203
0 0.804688 0.226562 0.082031 0.031250
0 0.794922 0.502930 0.066406 0.048828
0 0.912109 0.023438 0.062500 0.031250
0 0.163086 0.384766 0.068359 0.054688
0 0.523438 0.786133 0.046875 0.033203
0 0.972656 0.725586 0.054688 0.025391
0 0.431641 0.947266 0.039062 0.023438
0 0.239258 0.875000 0.037109 0.027344
0 0.266602 0.646484 0.060547 0.027344
0 0.541016 0.653320 0.042969 0.017578
0 0.281250 0.749023 0.027344 0.021484
0 0.879883 0.837891 0.025391 0.023438
0 0.811523 0.928711 0.041016 0.029297
0 0.740234 0.339844 0.039062 0.027344
0 0.952148 0.358398 0.013672 0.041016
