0 0.216797 0.090820 0.078125 0.044922
0 0.083984 0.467773 0.062500 0.044922
0 0.621094 0.367188 0.082031 0.046875
0 0.784180 0.200195 0.072266 0.060547
0 0.885742 0.380859 0.052734 0.050781
0 0.707031 0.555664 0.050781 0.048828
0 0.939453 0.730469 0.046875 0.027344
0 0.591797 0.671875 0.066406 0.039062
0 0.399414 0.648438 0.072266 0.035156
0 0.199219 0.674805 0.066406 0.033203
0 0.126953 0.804688 0.070312 0.035156
0 0.343750 0.825195 0.058594 0.037109
0 0.528320 0.791992 0.064453 0.037109
0 0.721680 0.866211 0.048828 0.029297
0 0.954102 0.909180 0.072266 0.033203
0 0.355469 0.416992 0.042969 0.029297
