0 0.025391 0.098633 0.046875 0.064453
0 0.122070 0.037109 0.029297 0.039062
0 0.330078 0.074219 0.050781 0.027344
0 0.759766 0.101562 0.035156 0.058594
0 0.514648 0.178711 0.037109 0.056641
0 0.189453 0.218750 0.027344 0.035156
0 0.034180 0.334961 0.029297 0.037109
0 0.041016 0.455078 0.039062 0.042969
0 0.233398 0.364258 0.037109 0.033203
0 0.246094 0.524414 0.089844 0.048828
0 0.555664 0.393555 0.052734 0.056641
0 0.329102 0.284180 0.044922 0.056641
0 0.735352 0.340820 0.052734 0.056641
0 0.982422 0.397461 0.035156 0.060547
