0 0.028320 0.061523 0.052734 0.033203
0 0.128906 0.565430 0.062500 0.033203
0 0.034180 0.682617 0.037109 0.025391
0 0.135742 0.743164 0.044922 0.033203
0 0.148438 0.189453 0.070312 0.050781
0 0.332031 0.344727 0.070312 0.048828
0 0.632812 0.182617 0.062500 0.037109
0 0.707031 0.373047 0.062500 0.042969
0 0.382812 0.544922 0.066406 0.046875
0 0.111328 0.875000 0.058594 0.046875
0 0.351562 0.816406 0.062500 0.039062
0 0.609375 0.627930 0.078125 0.052734
0 0.772461 0.621094 0.060547 0.023438
0 0.871094 0.188477 0.082031 0.048828
0 0.942383 0.442383 0.044922 0.037109
0 0.676758 0.760742 0.064453 0.037109
0 0.507812 0.859375 0.062500 0.031250
0 0.342773 0.982422 0.060547 0.035156
0 0.930664 0.889648 0.080078 0.048828
