0 0.768555 0.315430 0.173828 0.037109
0 0.946289 0.308594 0.107422 0.039062
0 0.459961 0.468750 0.138672 0.035156
0 0.634766 0.458984 0.085938 0.027344
0 0.124023 0.487305 0.076172 0.025391
0 0.452148 0.539062 0.126953 0.035156
0 0.677734 0.528320 0.082031 0.021484
0 0.935547 0.556641 0.125000 0.101562
0 0.483398 0.669922 0.095703 0.023438
0 0.592773 0.665039 0.119141 0.025391
0 0.525391 0.728516 0.164062 0.019531
0 0.708984 0.720703 0.046875 0.027344
0 0.875000 0.707031 0.097656 0.023438
0 0.972656 0.701172 0.054688 0.027344
