0 0.286133 0.653320 0.060547 0.021484
0 0.372070 0.696289 0.083984 0.056641
0 0.348633 0.784180 0.087891 0.044922
0 0.221680 0.766602 0.080078 0.048828
0 0.102539 0.875977 0.107422 0.072266
0 0.059570 0.613281 0.115234 0.066406
0 0.405273 0.616211 0.064453 0.033203
0 0.528320 0.650391 0.080078 0.039062
0 0.568359 0.786133 0.074219 0.048828
0 0.379883 0.866211 0.119141 0.052734
0 0.342773 0.939453 0.095703 0.050781
0 0.529297 0.952148 0.109375 0.048828
0 0.737305 0.691406 0.103516 0.054688
0 0.899414 0.800781 0.095703 0.039062
0 0.738281 0.909180 0.093750 0.044922
0 0.848633 0.449219 0.072266 0.078125
0 0.776367 0.477539 0.095703 0.154297
